100 102 0.976215 0.0018348
100 121 2.30915 0.180079
100 141 0.851238 1.42645
100 172 1.62624 4.0504
100 44 3.74395 nan
100 50 1.02813 1.5606e-05
100 57 2.7238 3.29635
101 149 1.76884 1.90847
101 166 1.48586 3.14796
101 179 2.06984 4.54375
101 184 3.51056 2.53711
101 189 3.33659 1.50053
102 111 1.74145 0.667686
102 197 1.50207 0.0
102 34 2.79305 nan
102 47 4.93105 0.880583
102 61 3.01101 3.54175
102 76 1.95912 4.76263
102 82 4.13897 0.651477
102 9 0.0311812 nan
103 130 1.33191 2.40893
103 156 2.8897 2.83351
103 27 2.82834 nan
103 97 1.87453 0.780516
104 21 5.48462 nan
104 52 0.881607 0.00171637
104 91 1.34833 5.41665
105 14 2.15531 nan
105 163 3.58187 1.25083
105 3 1.17539 nan
105 39 1.16948 nan
105 57 3.62014 3.77205
105 66 4.44739 0.702507
106 122 4.06536 3.86282
106 174 3.1425 4.31343
106 182 2.01528 1.27654
106 189 1.80077 0.624575
106 78 4.0873 1.03967
106 83 1.13989 6.94326
107 106 1.52857 1.73786
107 117 1.66692 0.831547
107 134 0.616396 1.42367
107 141 0.715102 4.69045
107 195 2.49041 0.856586
107 48 4.58266 1.42109e-14
108 110 0.812707 2.67129
108 150 1.77856 1.97836
108 7 3.52046 nan
108 73 2.37969 0.805451
109 65 2.15529 4.72357
109 70 2.15538 0.103959
109 91 4.30804 1.55846
110 101 1.78733 3.00639
110 157 5.29577 1.84792
110 167 1.50743 3.47079
110 179 3.80914 3.16279
110 22 2.74458 nan
110 60 2.82325 1.07522
110 79 1.4747 1.10974
111 124 3.56875 3.11843
111 199 1.65168 nan
111 30 3.86641 nan
111 43 2.1623 nan
111 97 2.28725 1.59832
112 130 1.40971 3.92538
112 15 2.76265 nan
112 3 1.82379 nan
112 37 3.51237 nan
112 56 3.59759 1.62126
113 148 4.51638 2.36686
113 186 1.04077 0.577888
113 49 6.96856 3.73894
113 74 2.5395 0.0214099
114 113 1.41691 2.66712
114 122 1.35205 1.46141
114 136 1.48298 1.72928
114 140 0.252724 0.989663
114 172 1.2121 2.24973
114 194 1.62117 4.40112
114 68 3.76777 1.60368
114 92 3.96158 0.0362792
115 109 1.55664 1.22612
115 62 1.91571 6.97059
116 117 4.50526 0.135459
116 20 3.07787 nan
116 45 2.23671 3.55387
116 99 1.47254 1.60127
117 128 2.63091 3.13717
117 25 3.16393 nan
117 53 3.90619 0.0
118 114 1.84082 3.7345
118 13 1.19577 nan
118 157 1.10087 1.11102
118 164 4.60778 0.0265169
118 176 5.66456 3.16459
118 184 2.729 4.2514
118 191 2.22858 2.44469
118 196 0.711344 0.0323918
118 58 1.42898 0.288941
118 69 1.53712 6.76455
118 80 1.50791 2.69675
119 187 3.68454 0.104733
119 34 2.59849 nan
119 6 3.13473 nan
119 85 4.44057 5.52788
119 91 1.45523 3.45383
120 0 3.73419 nan
120 169 2.95352 2.30626
120 38 4.82779 nan
120 96 1.08441 1.87433
121 110 2.44888 4.52966
121 136 4.31677 0.283347
122 121 1.25491 2.78935
122 127 4.80919 4.4273
122 15 2.48618 nan
122 179 5.28546 3.7545
122 63 1.46438 1.86729
122 74 3.84181 1.67498
123 102 3.00008 5.73889
123 11 1.18419 nan
123 145 4.49557 4.69953
123 192 3.92456 0.115114
123 46 1.85145 1.18904
124 141 2.2454 0.398092
124 160 3.58422 1.91841
124 187 3.37407 0.166534
124 21 2.39768 nan
124 29 1.67072 nan
124 52 2.03582 0.000340658
124 82 0.366537 0.0266815
124 91 0.691004 1.43508
124 98 2.56857 1.53766
125 151 1.39213 1.21468
125 26 1.65532 nan
125 42 2.40744 nan
126 102 3.14809 2.33796
126 135 1.92084 1.11963
126 174 0.451711 1.59121
126 4 2.54943 nan
126 60 6.82948 0.0330106
127 1 1.65182 nan
127 112 0.85446 0.955529
127 118 3.98768 3.39201
127 124 1.32356 3.05295
127 166 1.56492 2.47551
127 198 3.62057 nan
128 13 2.71352 nan
128 145 2.07041 3.11884
128 149 0.236631 2.43404
128 161 0.791368 0.0
128 182 1.86819 0.747114
128 73 3.0276 0.0569546
128 85 1.28089 0.661824
129 130 1.85075 1.04153
129 139 5.5351 0.92138
129 49 2.82782 3.29028
129 56 2.79219 0.304258
129 66 4.83617 6.79456
130 157 5.45105 3.09469
130 19 1.41011 nan
130 26 0.761261 nan
131 103 0.862461 1.44181
131 196 2.10188 0.98178
131 80 5.33624 0.0695552
131 93 5.94221 2.12615
132 166 1.78446 1.37584
132 172 2.5837 2.30963
132 191 1.89981 0.730537
132 2 2.63089 nan
132 33 5.82175 nan
132 6 2.11192 nan
132 62 2.63226 0.0218017
132 71 3.44697 1.34285
133 121 1.47048 5.90152
133 179 1.00601 2.63734
133 98 5.40399 2.27419
134 128 6.81149 2.3884
134 147 5.026 6.70441
134 76 2.19404 1.19804
134 83 3.58833 3.19246
135 110 3.35928 1.00067
135 115 0.554748 5.67823
135 134 1.40639 0.591091
136 102 2.25347 0.0131683
136 160 1.48394 1.01773
136 28 0.353909 nan
136 54 0.924309 0.0
136 58 0.830994 4.25104
136 8 3.13579 nan
136 91 0.513432 5.27074
137 139 1.06416 2.73833
137 186 2.29108 5.74502
137 35 0.625724 nan
137 4 2.45499 nan
138 153 0.866993 0.43398
138 18 1.5435 nan
138 22 2.17409 nan
138 42 2.6742 nan
138 62 2.04195 4.31464
139 0 5.6984 nan
139 119 4.03787 0.484401
139 130 1.29404 1.78536
139 175 3.06017 2.88482
139 197 0.362233 0.0
139 46 0.546047 0.685646
140 50 0.743336 1.51831
140 72 2.0705 1.00181
140 95 3.34014 0.992173
141 168 0.19996 3.32302
141 191 0.398709 0.72115
141 5 2.51015 nan
141 66 2.17031 0.954211
141 79 2.58441 5.99782
141 83 3.86434 2.69489
142 110 5.51157 0.360091
142 114 3.37188 2.45202
142 123 4.5854 3.57042
142 148 1.24432 2.17847
142 15 3.52415 nan
142 180 2.41904 6.23288
142 28 2.16966 nan
142 42 2.14405 nan
142 55 4.75363 0.0
143 135 2.11707 3.3559
143 36 0.975476 nan
144 156 1.67144 1.87906
144 164 3.52223 4.55901
144 174 1.53784 3.31264
144 8 3.13279 nan
145 140 3.8494 3.19314
145 189 1.99355 0.505309
145 60 3.20226 0.087544
145 72 1.10702 0.510127
145 89 2.40318 0.818618
146 100 2.49434 0.75345
146 119 7.01618 0.965936
146 21 1.73114 nan
146 51 4.23489 0.27042
146 65 3.88833 0.382029
146 76 0.967789 2.35243
147 1 2.24042 nan
147 108 0.884082 1.54491
147 130 2.99631 2.22289
147 177 1.50387 0.885417
147 184 6.30078 4.47633
147 197 4.20721 0.0
147 29 1.14036 nan
147 38 0.880472 nan
147 95 3.35517 2.45621
148 11 0.839767 nan
148 26 3.71107 nan
148 48 2.64524 0.397836
148 57 4.93444 0.77957
148 70 2.47547 0.767286
148 82 0.555639 5.72469
148 85 2.64468 0.713047
149 113 4.12171 2.6417
149 14 1.72979 nan
149 149 1.00261 3.66908
150 124 0.833009 4.60706
150 167 1.29955 1.93806
151 142 3.20112 1.23896
151 161 5.71232 0.0
151 186 2.36212 2.24674
151 191 3.09896 3.53474
151 79 1.54693 0.476082
151 91 0.852721 8.22319
152 135 1.20721 2.21595
152 19 4.17886 nan
152 64 2.80114 2.60662
153 10 6.11631 nan
153 101 3.56873 0.839428
153 118 2.20116 0.583162
153 50 2.46594 0.820135
153 56 1.70838 0.0248905
154 156 2.74737 6.58081
154 173 2.8048 2.26555
154 181 1.82868 1.62484
154 30 1.65176 nan
154 44 1.47928 nan
154 69 0.512849 0.0882223
154 75 6.92232 3.24386
154 95 1.58355 0.42122
155 197 1.68256 0.0
155 27 1.21264 nan
155 82 3.10309 1.57635
156 110 4.63507 1.26942
156 129 3.15228 2.86859
156 3 0.49821 nan
157 14 3.0184 nan
157 59 1.85555 0.596186
158 104 4.01962 0.0
158 123 3.68923 3.04506
158 137 2.60024 0.566172
158 178 0.647992 0.592651
158 192 2.79198 9.56498
158 21 2.4402 nan
158 33 1.28579 nan
158 8 1.73276 nan
159 115 3.38305 1.66133
159 147 1.26238 2.04799
159 167 1.20403 1.65167
159 38 0.0536265 nan
159 85 4.42896 1.26259
159 96 2.94245 2.52385
160 47 5.79771 0.828136
160 62 1.767 0.00696734
161 152 1.07126 0.0684118
161 189 4.18669 3.04411
162 103 4.19401 3.34993
162 119 3.24946 2.18311
162 142 3.20144 2.8005
162 164 1.52916 0.978422
162 194 2.57923 0.702981
162 28 1.06374 nan
162 52 1.42133 0.0123154
162 73 4.12125 0.615494
162 76 3.50832 1.75939
163 110 4.62612 1.36886
163 123 2.31329 5.29875
163 132 1.26314 2.21814
163 148 0.686698 5.33337
163 175 1.55151 0.966531
163 4 0.828609 nan
164 185 2.05422 1.51638
164 21 4.73508 nan
164 58 1.74198 0.088798
164 66 0.709099 0.0929408
165 14 0.25264 nan
165 90 3.14319 1.81737
166 100 2.16627 0.809433
166 157 4.61129 1.33799
166 168 1.11405 3.24307
166 199 2.44297 nan
166 73 1.74108 1.25969
167 108 1.33654 1.29337
167 128 2.73708 3.73929
167 145 0.880731 1.61105
167 152 3.99774 1.07293
167 190 2.15781 4.93538
167 29 0.929129 nan
167 36 2.09097 nan
167 43 0.53518 nan
167 49 1.41701 0.000524943
167 77 3.27747 0.0126455
167 81 3.02446 2.64715
167 85 2.48349 1.59468
167 95 3.67643 2.49233
168 113 0.0451879 2.7266
168 135 1.60773 1.10732
168 55 0.895101 0.0
168 6 0.504863 nan
168 67 0.965284 3.00522
168 89 1.79401 1.97319
169 119 2.2689 4.08748
169 165 4.91836 2.05464
169 186 0.675662 1.10261
170 198 4.25683 nan
170 61 2.33135 0.940359
171 0 0.617741 nan
171 150 3.11279 1.02065
171 175 1.80259 2.55746
171 27 4.11244 nan
171 33 0.943659 nan
171 36 0.915012 nan
172 100 3.14147 0.540182
172 127 3.15923 5.16201
172 18 1.61373 nan
172 42 2.4509 nan
172 49 3.75122 0.0
172 86 0.585183 1.80545
173 113 4.54463 3.80321
173 139 1.43178 4.35329
173 195 3.30217 0.474401
173 74 2.22327 4.42492
173 94 1.06313 3.85588
174 107 1.74181 0.111493
174 169 2.78272 2.95243
175 119 0.171292 1.57337
175 177 1.96846 5.17294
175 183 1.43414 6.32897
175 189 3.49741 2.35438
175 53 4.49447 0.0
175 66 0.836338 1.73673
175 81 2.45656 3.08908
176 135 2.21586 2.67535
176 157 1.23042 3.52841
176 46 2.10355 0.00277873
176 7 3.07343 nan
177 0 1.85978 nan
177 22 1.49117 nan
177 29 1.45949 nan
177 37 1.50701 nan
177 59 1.41042 2.17697
177 98 1.22153 0.876836
178 146 0.199984 1.30371
178 199 0.974962 nan
179 13 2.46735 nan
179 167 0.791002 1.51263
179 195 1.26583 2.36786
180 109 1.51302 8.78238
180 114 0.6233 3.76716
180 49 1.41447 0.713074
180 75 6.14404 0.341457
180 92 0.542711 0.940139
181 128 0.405796 3.77834
181 179 3.22105 1.18176
181 19 2.5617 nan
181 63 1.98282 1.45598
181 71 1.8957 2.7912
181 84 1.07366 4.54539
182 139 2.59711 1.17682
182 151 4.01246 1.60641
182 165 0.425418 1.66191
182 176 4.0205 2.99303
182 186 2.12808 5.23416
182 44 2.54725 nan
182 6 5.07526 nan
183 25 1.00903 nan
183 29 7.39697 nan
183 53 1.05283 0.0
183 97 5.64482 3.77607
184 12 2.33722 nan
184 132 6.69969 3.34378
184 191 5.68157 1.02013
184 199 3.18824 nan
185 103 4.36082 0.0186041
185 121 4.87214 2.03851
185 158 3.64337 3.76683
185 21 2.28365 nan
185 36 1.35527 nan
185 42 2.65479 nan
185 58 4.73483 0.0277581
185 92 6.39744 1.85534
186 146 3.96602 4.3188
186 3 0.615637 nan
187 15 1.10639 nan
187 173 3.10144 6.35196
187 66 1.75026 3.60708
187 81 1.46667 1.35279
188 110 3.47323 0.00329081
188 115 0.980367 3.1963
188 129 2.76449 2.41493
188 139 1.45894 0.192066
188 150 2.36229 2.9174
188 199 2.29525 nan
188 53 0.672225 0.0
189 179 2.93167 0.65657
189 22 1.57044 nan
189 43 1.28069 nan
189 48 3.58479 0.145031
189 74 4.12467 2.84106
189 97 1.37534 0.758973
190 184 1.41748 2.94464
190 35 1.96917 nan
190 8 1.6165 nan
190 85 0.996997 0.491429
191 103 5.85245 2.15224
191 127 2.69841 2.01418
191 142 2.21318 0.408111
191 170 3.43073 0.817231
191 191 3.60921 4.05736
191 28 3.86791 nan
191 59 1.89524 5.48446
192 131 4.45604 1.95453
192 72 1.05748 3.93978
192 80 3.76255 0.975046
192 91 4.2908 0.255094
193 121 3.09395 1.07707
193 157 1.92583 1.70403
193 179 1.58487 2.60859
193 188 0.96841 0.00836533
194 112 1.87529 0.223162
194 14 0.549694 nan
194 167 3.44996 2.28384
194 196 1.3264 0.0362024
194 20 1.74316 nan
194 3 1.74387 nan
194 47 4.29898 2.97551
194 64 0.897162 0.833504
195 149 3.22632 2.93924
195 44 2.11552 nan
196 117 2.20956 2.01694
196 136 0.494897 2.8048
196 175 1.72592 1.01801
196 76 2.811 5.24793
197 128 0.105673 6.38647
197 55 1.58847 0.0
197 63 2.47957 2.63013
197 96 3.57145 1.46735
198 0 3.50397 nan
198 102 1.6487 0.0478351
198 11 0.0692338 nan
198 164 1.65912 1.41935
198 169 4.95916 0.575466
198 182 5.37308 1.55358
198 4 2.3787 nan
198 87 0.0548485 3.01563
199 110 4.6223 0.673582
199 143 2.25556 4.22283
199 195 3.40025 1.26592
199 26 3.24147 nan
199 33 3.89931 nan
199 37 1.69079 nan
199 44 3.59344 nan
199 48 1.97349 0.435542
199 59 2.2266 2.76395
199 68 2.06264 0.286272
28 1 0.0135373 nan
28 10 0.98004 nan
28 119 1.12879 4.98551
28 156 1.04988 1.09031
28 171 4.72297 1.90953
28 39 1.23454 nan
28 68 1.7305 0.798946
28 78 1.35842 5.53443
28 88 2.29919 1.12423
30 101 3.97618 3.31417
30 109 4.77615 6.45553
30 126 0.853411 2.86372
30 140 0.0229805 0.257738
30 163 2.13649 0.0853283
30 167 3.57696 3.31187
30 17 2.25053 nan
30 180 1.63174 1.26234
30 199 0.316573 nan
30 34 3.76755 nan
30 44 2.61691 nan
30 49 0.125924 1.3058
30 6 1.41713 nan
30 95 2.78531 3.4325
31 113 1.79842 1.19444
31 148 2.8588 1.74106
31 175 3.55056 2.99533
31 196 4.49669 2.38524
31 55 6.848 0.0
32 122 1.4964 1.06043
32 156 1.39402 1.74846
32 188 4.64551 3.77938
32 38 0.504518 nan
32 60 3.84755 1.91564
32 83 2.47884 2.66666
33 119 1.06849 2.10096
33 134 4.72911 2.78354
33 22 1.14017 nan
33 29 0.957466 nan
33 3 0.688398 nan
33 66 3.69821 1.12108
33 76 3.17045 2.74833
34 108 1.73208 2.48408
34 11 0.160174 nan
34 139 4.55468 1.65912
34 15 1.32414 nan
34 168 2.00239 2.27554
34 199 0.123641 nan
34 50 1.68854 0.683242
34 8 0.154228 nan
34 91 1.25172 0.864376
35 178 3.50845 1.1295
35 35 3.19728 nan
36 113 5.56989 1.62037
36 150 3.3828 6.14215
36 162 0.551498 0.0
36 53 3.98267 0.0
37 123 4.8773 2.10711
37 130 4.39348 4.25164
37 185 2.27331 3.77295
37 195 5.72282 7.05896
37 25 4.80513 nan
37 59 1.64557 1.26331
37 98 5.80585 3.72933
38 0 4.47721 nan
38 103 0.0701818 0.884941
38 144 5.72575 5.22769
38 19 4.76914 nan
38 42 3.89736 nan
38 64 4.3301 0.0291345
38 71 2.31132 1.9836
38 93 3.56958 1.06488
39 116 2.40626 1.20826
39 12 0.438655 nan
39 136 6.37501 2.5636
39 174 4.37198 2.40058
39 47 0.852622 0.0111949
39 83 2.69665 4.12136
40 160 3.26959 4.42713
40 6 0.0985381 nan
41 111 4.79323 2.4629
41 186 2.47384 2.44837
42 121 1.48857 5.52603
42 153 2.57764 1.47752
42 178 3.38503 3.07848
42 191 2.87598 4.96041
42 37 0.61167 nan
42 57 3.12949 0.0909517
42 98 4.85367 4.29903
43 129 5.23504 2.19633
43 15 1.10578 nan
43 53 0.863132 0.0
43 74 3.22726 5.68121
43 94 1.51594 1.91167
44 104 5.52316 0.0
44 140 2.89518 2.19118
44 21 2.58974 nan
44 28 4.64581 nan
44 43 4.89563 nan
44 65 1.40922 1.90547
44 83 3.79039 6.43359
44 90 0.39576 3.23627
45 136 0.501683 3.34331
45 149 2.82706 3.97389
45 190 2.49875 0.795985
45 60 2.03719 3.59903
46 12 1.04142 nan
46 4 0.621015 nan
47 114 4.54965 3.89455
47 154 2.70022 0.698132
47 174 1.4422 2.0218
47 194 0.975349 1.20505
48 0 1.03289 nan
48 122 0.839252 1.79492
48 167 0.895322 2.37931
48 48 2.76395 0.0
48 53 4.00646 0.0
48 80 3.61603 8.43492
49 131 1.4912 1.10256
49 141 2.69006 4.39389
49 179 0.649409 1.6447
49 184 1.00348 2.93891
49 190 1.24623 0.0752789
49 198 2.22541 nan
49 35 1.78344 nan
49 84 2.71317 0.730472
50 102 2.43562 0.00991061
50 118 2.6238 2.92498
50 12 1.07878 nan
50 127 2.96941 2.06982
50 19 6.56966 nan
50 43 3.9524 nan
50 64 6.54185 0.0254184
50 96 3.19072 2.94464
51 136 0.646681 1.07095
51 149 1.08169 3.74307
51 24 5.22029 nan
51 29 4.41365 nan
51 72 6.48397 0.179286
51 91 0.813145 1.61516
52 109 1.32458 1.69989
52 159 1.30812 2.86221
52 179 0.39947 1.10869
52 55 2.96451 0.0
53 193 0.321254 3.6495
53 3 5.79589 nan
53 50 4.3557 0.00259021
53 85 3.64205 1.45957
54 118 3.0749 2.27071
54 122 4.91856 1.02138
54 175 2.18449 2.35846
54 188 5.10687 1.05541
54 22 3.04411 nan
54 61 2.39844 0.00100157
55 13 3.13341 nan
55 130 2.93841 4.09751
55 140 4.7006 1.87574
55 66 1.80473 0.732021
55 81 1.60652 1.3562
55 99 0.470471 1.39307
56 113 1.30628 0.705971
56 168 1.12478 3.25444
56 28 3.22485 nan
56 39 1.00138 nan
56 46 1.41504 0.0266437
56 54 2.56636 0.0
56 6 1.27428 nan
56 91 2.29056 1.36409
57 152 3.79274 1.15889
57 184 2.90963 0.739707
57 72 1.03848 2.48413
58 109 2.20912 0.0958643
58 144 1.87781 2.61311
58 162 2.91008 0.0
58 18 5.65828 nan
58 180 0.22103 1.52251
58 199 0.103061 nan
58 96 1.98122 2.94513
59 119 1.47866 3.58595
59 59 1.77263 3.71301
59 83 0.824093 2.35862
60 100 2.56267 1.80608
60 23 0.732906 nan
60 44 2.32898 nan
60 50 3.44211 1.33687
60 63 1.11966 1.62071
61 113 2.77878 1.27337
61 128 2.45107 1.37584
61 167 8.16474 7.08214
61 29 0.500878 nan
61 54 4.75066 0.0
61 69 0.397756 2.28467
61 87 3.21786 0.365367
61 92 3.94569 2.89488
62 157 1.45965 1.13823
62 188 3.77396 0.49338
62 35 1.02292 nan
63 139 6.31022 1.2903
63 150 3.9926 3.5022
63 174 4.66089 3.93186
63 18 1.46651 nan
63 192 2.70522 0.084328
63 197 2.04337 0.0
63 3 1.55869 nan
64 81 4.67639 5.09139
64 85 5.2681 1.76616
65 183 1.1744 5.74624
65 40 3.4718 nan
65 46 1.3738 4.06313
65 55 6.18134 0.0
65 7 1.5859 nan
65 92 2.10737 2.85448
65 97 3.76507 2.72559
66 108 4.15682 2.7767
66 131 2.19713 3.44975
66 166 1.62328 2.00909
66 60 1.89551 1.0846
66 73 3.91472 0.056236
67 116 1.09216 3.49205
67 144 3.60949 4.26392
67 159 1.34058 1.43185
67 178 3.5558 3.02367
67 23 2.77731 nan
68 123 4.78196 2.23592
68 14 2.52075 nan
68 172 3.48091 2.23188
68 49 2.28453 0.000593203
68 65 3.04052 3.31594
69 136 4.2254 2.26279
69 193 1.96679 2.52626
69 199 0.943882 nan
69 29 5.03188 nan
69 35 0.657293 nan
69 4 3.3867 nan
70 100 3.87373 0.00775422
70 112 5.38125 0.816171
70 20 5.41913 nan
70 79 2.95316 2.44005
70 89 2.72274 1.62091
71 11 1.86127 nan
71 153 0.968306 0.756782
71 40 1.37193 nan
71 52 1.75167 0.877219
71 57 6.38586 8.61745
71 72 3.54694 0.030175
72 2 1.20649 nan
72 62 2.34662 0.00758766
72 94 0.491841 0.685215
73 121 0.996995 2.00595
73 140 1.04223 2.24859
73 148 2.6321 2.8594
73 167 2.97612 2.44635
73 180 1.49014 0.672486
73 185 3.6172 0.612841
74 106 3.00034 1.16101
74 15 5.23907 nan
74 27 2.89946 nan
74 46 0.157503 0.607947
75 132 3.68006 1.42341
75 163 4.93259 6.35645
75 31 5.03128 nan
75 6 3.19854 nan
76 112 0.709647 2.62718
76 117 1.20135 1.96913
76 128 5.50218 1.27383
76 176 0.487023 1.10556
76 192 2.49669 1.15424
76 199 3.04289 nan
76 37 2.84038 nan
76 51 4.12021 0.00148388
77 182 1.94041 1.67886
77 21 4.19325 nan
77 47 2.24101 1.18724
77 73 1.59552 2.3172
77 79 3.02555 3.1524
77 97 3.62457 1.60596
78 1 3.50558 nan
78 151 2.01397 3.70996
78 157 4.41201 0.871016
78 188 6.01492 0.0568647
78 56 8.0987 0.690392
78 59 2.90171 1.48405
78 65 1.50928 1.70645
79 101 4.72926 5.53392
79 139 1.60243 1.53038
79 161 3.5313 0.0
79 84 2.68419 1.17179
79 90 1.5782 3.87288
80 127 2.01128 1.56643
80 169 4.82611 4.885
80 180 3.02869 2.31331
80 42 2.7297 nan
80 8 2.70531 nan
81 131 2.7853 0.858093
81 149 1.23748 3.23696
81 27 2.77564 nan
81 47 0.773353 0.483135
82 109 3.69744 10.0337
82 114 2.14936 0.169444
82 142 2.65512 4.7385
82 94 1.17556 0.775132
83 120 1.47573 2.25366
83 136 2.48591 2.54534
83 15 1.10154 nan
83 185 4.67898 0.778734
83 30 1.62248 nan
83 60 4.80357 8.30127
83 68 2.9863 1.20601
84 21 1.16321 nan
84 36 1.40921 nan
84 5 3.09209 nan
84 56 1.27049 0.0718099
84 74 1.07736 2.74
84 81 1.83054 1.6536
85 0 0.935857 nan
85 150 2.57721 3.14605
85 166 0.879893 2.10467
85 177 2.90803 1.50952
85 190 1.16033 1.10211
85 50 4.7814 0.0
85 87 1.5345 1.3527
86 157 3.19243 1.56968
86 44 1.57176 nan
86 98 3.05062 1.94345
87 108 1.02558 0.955606
87 12 2.70928 nan
87 123 3.57886 2.06726
87 131 3.02941 3.09714
88 113 1.53979 3.52902
88 15 0.742112 nan
88 172 1.07153 2.40861
88 181 3.20212 0.415988
88 187 1.4417 0.110599
88 26 0.944795 nan
88 82 1.63345 0.74774
89 139 6.61785 0.994075
89 145 1.77848 3.28013
89 192 5.33496 0.57413
89 198 2.78506 nan
89 36 6.20064 nan
89 72 1.26444 1.74518
89 95 1.15548 2.02901
90 164 3.71715 1.52319
90 21 3.48537 nan
90 3 1.99255 nan
90 30 2.10158 nan
90 48 5.61085 0.0
90 63 1.86972 3.56649
91 119 3.40466 2.60758
91 154 3.93592 1.57163
91 54 2.2063 0.0
91 78 5.25747 0.139256
92 129 1.38479 4.27923
92 135 4.67192 5.05522
92 42 3.72782 nan
93 143 4.10762 4.77196
93 162 5.12496 0.0
93 90 4.81071 2.47738
94 100 6.03931 1.00157
94 107 4.62292 2.11238
94 123 1.02734 1.1168
94 168 5.79522 3.65022
94 176 1.98799 4.18591
94 59 1.74749 5.03211
94 7 0.453127 nan
95 0 0.464262 nan
95 114 2.29785 3.20851
95 13 2.56446 nan
95 146 2.39267 3.6324
95 150 3.19265 2.18017
95 43 1.68623 nan
96 17 5.3672 nan
96 182 5.54633 1.46364
96 187 3.63031 0.177736
96 22 5.12411 nan
96 28 4.42564 nan
96 47 1.91427 0.335331
96 56 5.33289 0.071567
96 75 1.4627 1.41409
96 83 4.31801 2.1447
97 129 1.45075 4.96464
97 136 1.78612 1.61708
97 158 4.24773 2.28856
97 64 4.50958 0.0231814
97 70 1.28512 0.00401269
98 199 7.55547 nan
98 31 1.65963 nan
98 37 1.07861 nan
98 6 2.4025 nan
98 60 2.8047 0.346365
98 91 0.82885 4.2715
99 115 4.03589 4.74581
99 153 3.42606 0.212616
